584.0 207.0 624.0 247.0 -1.0 
584.3739013671875 205.15322875976562 623.623779296875 248.13485717773438 0.9999569654464722 
584.990234375 205.67379760742188 624.5459594726562 248.2041015625 0.9999560117721558 
584.9639282226562 205.91510009765625 624.5792236328125 248.510986328125 0.9999570846557617 
585.0072631835938 204.7630615234375 624.8316650390625 248.095947265625 0.9999576807022095 
585.3524169921875 205.1138153076172 625.2198486328125 247.94155883789062 0.9999576807022095 
585.6524047851562 204.172119140625 625.439453125 247.54086303710938 0.9999583959579468 
585.4375610351562 205.17164611816406 625.294921875 247.79330444335938 0.9999575614929199 
585.8539428710938 204.62973022460938 626.0496215820312 247.84619140625 0.999957799911499 
585.7371826171875 204.2386474609375 625.7330322265625 247.4189453125 0.9999585151672363 
585.7183837890625 203.3719940185547 625.8862915039062 246.81936645507812 0.9999585151672363 
586.090087890625 203.34519958496094 626.2459716796875 246.40585327148438 0.9999583959579468 
586.8463134765625 202.5413055419922 626.8973388671875 245.8539581298828 0.9999583959579468 
586.871826171875 202.29708862304688 626.7909545898438 245.540771484375 0.9999589920043945 
587.2769775390625 201.99264526367188 627.4859008789062 245.31149291992188 0.9999582767486572 
587.5458374023438 200.32289123535156 627.80126953125 244.01416015625 0.9999579191207886 
587.7559204101562 199.9259033203125 628.0437622070312 243.34559631347656 0.9999585151672363 
588.2599487304688 200.06747436523438 628.586181640625 243.14999389648438 0.9999583959579468 
588.3803100585938 198.70254516601562 628.6769409179688 242.32257080078125 0.999958872795105 
588.380126953125 198.6348876953125 628.5582885742188 242.04002380371094 0.9999586343765259 
588.7716674804688 198.14675903320312 629.1868286132812 241.85244750976562 0.999957799911499 
588.7128295898438 197.19223022460938 628.8560180664062 240.734619140625 0.9999583959579468 
589.3046264648438 197.1278076171875 629.3418579101562 240.53094482421875 0.9999580383300781 
589.5431518554688 195.59671020507812 629.6663208007812 239.71533203125 0.9999582767486572 
589.15576171875 194.59176635742188 629.2451782226562 238.8822784423828 0.9999587535858154 
589.666748046875 194.36224365234375 629.9632568359375 238.43417358398438 0.9999585151672363 
589.114990234375 194.62771606445312 630.250244140625 238.78555297851562 0.9999599456787109 
589.1298217773438 193.47079467773438 630.49609375 237.94873046875 0.9999594688415527 
589.7862548828125 193.4593505859375 630.9732666015625 237.2828826904297 0.9999594688415527 
590.3171997070312 193.9838104248047 631.90771484375 237.55911254882812 0.9999594688415527 
590.8016967773438 193.50640869140625 632.1101684570312 237.09613037109375 0.9999586343765259 
590.9736938476562 193.35812377929688 632.5618896484375 237.05108642578125 0.9999587535858154 
591.1904907226562 193.69036865234375 632.7037353515625 237.5120849609375 0.9999587535858154 
591.8629150390625 193.3375244140625 633.384521484375 237.31524658203125 0.9999580383300781 
592.2891845703125 193.89193725585938 633.890869140625 237.75270080566406 0.9999585151672363 
592.0504150390625 194.67822265625 633.7080078125 238.6475830078125 0.9999594688415527 
593.469482421875 195.11264038085938 634.7852783203125 239.17636108398438 0.9999589920043945 
593.06689453125 195.1556854248047 634.3224487304688 239.6537322998047 0.9999604225158691 
593.4989624023438 196.23046875 634.775634765625 240.2655029296875 0.9999594688415527 
593.2877807617188 197.2563018798828 634.90771484375 241.5052032470703 0.9999593496322632 
593.3667602539062 198.3116455078125 634.9027709960938 242.52304077148438 0.9999597072601318 
592.86328125 199.19247436523438 634.5350341796875 243.2427978515625 0.9999598264694214 
593.3699951171875 199.99929809570312 634.9615478515625 243.98475646972656 0.9999580383300781 
592.6047973632812 201.68173217773438 634.5931396484375 245.9882049560547 0.9999594688415527 
592.968994140625 202.70294189453125 634.6179809570312 247.00006103515625 0.9999585151672363 
592.6082153320312 203.67572021484375 634.36865234375 247.77267456054688 0.9999592304229736 
593.1403198242188 204.63473510742188 634.60595703125 248.77227783203125 0.9999583959579468 
592.3169555664062 206.16920471191406 634.429443359375 250.40628051757812 0.9999589920043945 
591.54638671875 207.10919189453125 633.641845703125 251.5107879638672 0.9999589920043945 
591.2596435546875 208.20022583007812 633.41015625 252.67530822753906 0.9999582767486572 
590.4590454101562 209.60137939453125 632.665771484375 254.03431701660156 0.9999589920043945 
589.6813354492188 210.5811309814453 632.3318481445312 255.43048095703125 0.9999523162841797 
588.8685302734375 211.20046997070312 631.318115234375 256.01318359375 0.9999525547027588 
588.2428588867188 212.378173828125 630.6991577148438 257.3243713378906 0.9999533891677856 
588.0672607421875 213.60934448242188 630.3795166015625 258.4909973144531 0.9999524354934692 
587.168212890625 213.99813842773438 629.390380859375 259.0456237792969 0.9999525547027588 
586.434814453125 215.3912353515625 628.9420776367188 260.19317626953125 0.9999524354934692 
586.319091796875 216.73614501953125 628.5639038085938 261.2368469238281 0.9999518394470215 
585.6669921875 217.17674255371094 628.2301025390625 261.97442626953125 0.9999523162841797 
585.027587890625 218.13079833984375 627.7968139648438 262.9039306640625 0.9999518394470215 
584.2243041992188 218.95504760742188 626.8519897460938 263.667236328125 0.9999514818191528 
583.6163940429688 219.71554565429688 626.41552734375 264.27008056640625 0.9999513626098633 
582.6499633789062 220.93295288085938 625.6233520507812 265.57470703125 0.99994957447052 
583.3096313476562 221.63632202148438 625.751953125 266.1529541015625 0.9999511241912842 
582.2792358398438 222.02874755859375 624.8765258789062 266.7250671386719 0.9999510049819946 
582.5969848632812 223.05950927734375 624.968017578125 267.3113098144531 0.9999512434005737 
582.7594604492188 223.66165161132812 624.93798828125 267.8388366699219 0.9999520778656006 
582.5568237304688 224.8478546142578 624.794189453125 268.8157043457031 0.9999507665634155 
581.8297119140625 225.42202758789062 624.0673828125 269.3510437011719 0.9999505281448364 
581.6322021484375 226.51467895507812 624.1170043945312 270.0793151855469 0.9999507665634155 
581.5091552734375 227.06106567382812 623.8895263671875 270.7115478515625 0.9999501705169678 
581.3599243164062 227.51287841796875 623.6372680664062 270.9250793457031 0.9999489784240723 
581.71240234375 227.95904541015625 623.8726196289062 271.3959045410156 0.9999490976333618 
582.01953125 228.9742431640625 624.4550170898438 272.1421203613281 0.9999483823776245 
582.0206298828125 229.25189208984375 623.9715576171875 272.95684814453125 0.9999489784240723 
583.0521240234375 229.62881469726562 625.0643920898438 273.18426513671875 0.9999485015869141 
581.2324829101562 230.43862915039062 624.2575073242188 273.90765380859375 0.9999610185623169 
581.986328125 230.78591918945312 625.3842163085938 274.4755859375 0.9999604225158691 
581.995849609375 231.3049774169922 625.1759033203125 274.9975891113281 0.9999616146087646 
582.2476806640625 232.08563232421875 625.39306640625 275.8170471191406 0.9999620914459229 
582.9663696289062 232.3164825439453 626.07958984375 276.13031005859375 0.9999622106552124 
582.6505126953125 232.93972778320312 625.9848022460938 276.7495422363281 0.9999628067016602 
583.2960205078125 233.6187744140625 626.7298583984375 277.26959228515625 0.9999626874923706 
583.89599609375 234.06048583984375 627.2727661132812 277.68328857421875 0.999962329864502 
584.2615966796875 233.93222045898438 627.1808471679688 277.9632568359375 0.999962329864502 
584.7967529296875 234.39683532714844 627.96142578125 278.13507080078125 0.9999619722366333 
585.920654296875 235.05271911621094 629.1512451171875 278.71624755859375 0.9999619722366333 
585.4246215820312 234.99429321289062 628.5133056640625 278.8944091796875 0.999962568283081 
586.0910034179688 235.44906616210938 629.4711303710938 278.993896484375 0.9999611377716064 
586.4715576171875 235.81703186035156 629.62939453125 279.5146179199219 0.9999616146087646 
586.9877319335938 235.95376586914062 630.1088256835938 279.47503662109375 0.9999613761901855 
587.3890380859375 236.66091918945312 630.5097045898438 280.07330322265625 0.9999617338180542 
588.0277099609375 236.83883666992188 631.4530029296875 280.34844970703125 0.9999619722366333 
587.4032592773438 236.8267822265625 630.89111328125 280.5345153808594 0.9999619722366333 
587.5110473632812 237.4576416015625 631.1072387695312 280.99774169921875 0.9999624490737915 
587.88916015625 237.24864196777344 631.4390869140625 281.1011047363281 0.999962329864502 
588.48388671875 237.70172119140625 631.95654296875 281.31793212890625 0.9999617338180542 
588.4367065429688 237.68264770507812 632.1859130859375 281.7752990722656 0.9999619722366333 
588.64404296875 237.96310424804688 632.2105102539062 282.298828125 0.9999616146087646 
589.1012573242188 238.73272705078125 632.3016967773438 282.82666015625 0.9999603033065796 
589.126708984375 239.20260620117188 632.2048950195312 283.3852844238281 0.9999614953994751 
589.3619384765625 239.61477661132812 632.31787109375 283.5783386230469 0.9999593496322632 
589.3321533203125 239.84124755859375 632.0440063476562 283.7921142578125 0.9999592304229736 
589.62060546875 240.9107208251953 632.5538330078125 284.563720703125 0.9999579191207886 
589.1143798828125 241.290283203125 631.939453125 285.43804931640625 0.9999586343765259 
589.15283203125 241.90267944335938 631.8868408203125 286.14697265625 0.9999579191207886 
589.1773681640625 242.1875457763672 631.912353515625 286.5040283203125 0.9999581575393677 
589.2730712890625 242.963623046875 632.150146484375 287.14166259765625 0.999958872795105 
589.5804443359375 243.47239685058594 632.3012084960938 287.48333740234375 0.9999587535858154 
590.0518188476562 244.37875366210938 632.6258544921875 288.1973876953125 0.9999589920043945 
590.245849609375 244.49847412109375 632.4766845703125 288.2359924316406 0.99996018409729 
590.6953735351562 245.48516845703125 632.958251953125 288.9037780761719 0.9999592304229736 
591.0945434570312 245.64791870117188 633.0574951171875 289.0901794433594 0.9999603033065796 
590.3892822265625 246.21792602539062 632.4745483398438 289.7586669921875 0.9999605417251587 
590.8902587890625 247.27879333496094 633.20849609375 290.4485168457031 0.9999604225158691 
590.3944702148438 247.63934326171875 632.7201538085938 291.2664794921875 0.9999605417251587 
590.6423950195312 248.21365356445312 632.7562866210938 291.7972412109375 0.9999608993530273 
591.1732177734375 247.65277099609375 633.105224609375 291.52130126953125 0.9999600648880005 
591.1898193359375 247.9847412109375 633.0723876953125 291.8192138671875 0.9999606609344482 
590.4973754882812 248.83810424804688 632.6029052734375 292.7364501953125 0.9999606609344482 
590.2603149414062 248.68603515625 632.46826171875 292.86871337890625 0.999961256980896 
590.6298828125 249.30224609375 632.8299560546875 293.2890930175781 0.9999611377716064 
590.4138793945312 249.50674438476562 632.7610473632812 293.6446533203125 0.9999616146087646 
590.7501831054688 249.56027221679688 632.9615478515625 293.75579833984375 0.999961256980896 
591.063720703125 249.71878051757812 633.2938232421875 293.90118408203125 0.9999610185623169 
590.2731323242188 249.72857666015625 632.6866455078125 294.301513671875 0.9999614953994751 
590.7399291992188 249.90386962890625 633.404541015625 293.66241455078125 0.9999643564224243 
589.6185913085938 249.99069213867188 632.7811279296875 294.3303527832031 0.9999649524688721 
589.846435546875 249.89132690429688 632.765869140625 293.7160339355469 0.9999645948410034 
590.52978515625 250.01414489746094 633.4603271484375 293.61444091796875 0.9999642372131348 
590.6717529296875 250.47119140625 633.8099975585938 293.980712890625 0.9999645948410034 
590.031005859375 250.00531005859375 633.2766723632812 293.94677734375 0.9999648332595825 
590.3474731445312 250.50115966796875 633.6762084960938 294.233642578125 0.9999643564224243 
590.2078247070312 250.50741577148438 633.4566650390625 294.3406066894531 0.9999644756317139 
589.9893188476562 250.3301544189453 633.1884155273438 294.3766174316406 0.9999643564224243 
590.2628784179688 249.8084716796875 633.4329223632812 293.7086486816406 0.9999644756317139 
590.2326049804688 249.41531372070312 633.2958374023438 293.4654846191406 0.9999644756317139 
590.3843383789062 249.94837951660156 633.3987426757812 293.7650146484375 0.9999649524688721 
590.5673217773438 249.37445068359375 633.4338989257812 293.40277099609375 0.999964714050293 
590.7893676757812 249.806640625 634.004638671875 293.535888671875 0.9999648332595825 
591.5520629882812 249.04539489746094 634.6344604492188 293.0821533203125 0.9999650716781616 
590.9514770507812 248.8873748779297 634.2023315429688 292.79803466796875 0.9999649524688721 
591.57763671875 249.46438598632812 634.8087768554688 293.24334716796875 0.999964714050293 
591.9012451171875 249.6253204345703 635.1751098632812 293.34771728515625 0.999964714050293 
591.263427734375 249.74639892578125 634.8260498046875 293.4649658203125 0.999964714050293 
591.6727905273438 249.32174682617188 635.025634765625 293.2417907714844 0.9999648332595825 
592.4986572265625 249.01394653320312 635.979248046875 292.7375183105469 0.9999645948410034 
592.5067749023438 249.5521240234375 636.4806518554688 293.2022705078125 0.9999642372131348 
593.4282836914062 249.4637908935547 637.4706420898438 293.4553527832031 0.999963641166687 
593.2781982421875 249.03994750976562 637.1695556640625 293.53851318359375 0.9999650716781616 
593.708984375 248.89395141601562 637.305908203125 293.3864440917969 0.999964714050293 
594.4810791015625 248.7820281982422 638.4906616210938 292.9887390136719 0.9999589920043945 
594.5525512695312 249.69058227539062 639.0491943359375 293.3984680175781 0.999958872795105 
595.0299682617188 249.17315673828125 639.7568359375 293.3812255859375 0.9999592304229736 
595.0491943359375 248.83839416503906 639.820556640625 293.0289306640625 0.9999589920043945 
595.6629638671875 249.6181182861328 640.7203369140625 293.48883056640625 0.9999580383300781 
595.522705078125 249.36093139648438 640.7654418945312 293.4491271972656 0.999958872795105 
595.7728881835938 249.23916625976562 641.284423828125 293.17138671875 0.9999587535858154 
596.2131958007812 249.40316772460938 641.675537109375 293.5235595703125 0.9999587535858154 
597.0628051757812 249.622314453125 642.88623046875 293.59375 0.9999583959579468 
597.3184814453125 248.81094360351562 642.8395385742188 292.79608154296875 0.9999586343765259 
597.9107666015625 248.7820587158203 643.3447265625 292.9839782714844 0.9999585151672363 
597.4546508789062 248.75701904296875 643.09716796875 293.16595458984375 0.999958872795105 
598.2359008789062 249.14952087402344 643.71875 293.4476318359375 0.9999582767486572 
598.7899780273438 249.11964416503906 644.32275390625 293.467529296875 0.9999582767486572 
599.49462890625 248.7025909423828 644.6815795898438 293.0213928222656 0.9999579191207886 
599.7935180664062 248.67236328125 645.1114501953125 293.39886474609375 0.9999576807022095 
600.0513916015625 248.48150634765625 645.0982666015625 293.1564636230469 0.9999579191207886 
599.862548828125 248.57626342773438 645.0565185546875 293.5848693847656 0.9999581575393677 
600.6376342773438 248.6102294921875 645.8134155273438 293.0063781738281 0.9999581575393677 
601.253173828125 248.7235565185547 646.6221923828125 293.5938720703125 0.9999581575393677 
600.90771484375 248.94247436523438 646.2459716796875 294.50665283203125 0.9999586343765259 
601.4666137695312 249.24063110351562 646.7807006835938 294.3371276855469 0.9999583959579468 
601.947998046875 248.95745849609375 647.2105712890625 293.7437744140625 0.9999575614929199 
602.2283325195312 248.9235382080078 647.491455078125 294.0129089355469 0.9999580383300781 
602.3722534179688 249.30923461914062 647.7349853515625 294.7455139160156 0.9999580383300781 
602.4898071289062 249.21917724609375 647.8936767578125 293.756103515625 0.99996018409729 
602.9083251953125 249.3917999267578 648.5211791992188 294.1221618652344 0.9999613761901855 
603.2095336914062 249.25729370117188 648.7634887695312 294.0680847167969 0.999961256980896 
603.6234741210938 249.2325439453125 649.6195068359375 293.83343505859375 0.9999617338180542 
603.6720581054688 249.40902709960938 649.4025268554688 294.42205810546875 0.9999600648880005 
604.2803955078125 250.20196533203125 650.2808227539062 295.1029357910156 0.9999616146087646 
604.7406616210938 249.99208068847656 650.5430297851562 294.7030029296875 0.9999606609344482 
604.9846801757812 250.15872192382812 650.7692260742188 295.3865966796875 0.9999618530273438 
606.2076416015625 250.26779174804688 652.2398071289062 295.0278625488281 0.9999620914459229 
605.7984619140625 250.03309631347656 651.6597290039062 295.43231201171875 0.9999620914459229 
606.2713012695312 249.6876678466797 652.136474609375 294.8022766113281 0.9999620914459229 
605.9890747070312 249.90664672851562 652.5709228515625 295.13189697265625 0.9999624490737915 
606.3316040039062 250.3143768310547 653.064208984375 295.0608215332031 0.9999624490737915 
606.660400390625 249.73287963867188 653.2650146484375 294.6575622558594 0.999962329864502 
607.001220703125 250.1184844970703 654.0321655273438 295.58636474609375 0.9999632835388184 
607.4774169921875 250.330810546875 654.3775634765625 295.0994873046875 0.9999631643295288 
608.5762329101562 250.43096923828125 655.1792602539062 295.117431640625 0.9999630451202393 
607.8695068359375 249.9072265625 654.5934448242188 294.5672607421875 0.9999620914459229 
608.7794799804688 250.22764587402344 655.26416015625 294.9406433105469 0.9999630451202393 
608.6394653320312 249.60910034179688 655.3014526367188 293.6378173828125 0.9999620914459229 
608.625 249.681396484375 655.3117065429688 294.1658020019531 0.999962568283081 
608.7517700195312 249.8358917236328 655.3186645507812 294.1951904296875 0.999962329864502 
608.4552001953125 249.5308837890625 654.91650390625 293.435791015625 0.9999619722366333 
608.892578125 250.06808471679688 654.8673706054688 294.7245788574219 0.999962568283081 
608.9752197265625 250.19894409179688 655.3732299804688 294.1391296386719 0.9999624490737915 
609.595947265625 249.92990112304688 655.5064086914062 294.134033203125 0.9999656677246094 
609.596923828125 249.21475219726562 655.24169921875 293.59149169921875 0.9999651908874512 
609.3416748046875 249.45770263671875 654.8397827148438 294.1636962890625 0.9999649524688721 
608.9615478515625 249.7320098876953 654.4060668945312 294.26873779296875 0.9999648332595825 
609.5570068359375 248.7548065185547 654.8939819335938 293.08551025390625 0.9999649524688721 
609.5457153320312 249.15765380859375 654.605224609375 293.7464904785156 0.9999656677246094 
609.3123168945312 249.651123046875 654.3717651367188 294.2300109863281 0.9999657869338989 
608.6851196289062 249.25833129882812 653.838623046875 293.3771057128906 0.9999651908874512 
608.2392578125 249.04266357421875 653.4697875976562 293.40228271484375 0.999966025352478 
608.1478881835938 248.85406494140625 652.6481323242188 293.5098876953125 0.999966025352478 
607.943115234375 248.06536865234375 652.5435791015625 292.5703125 0.9999666213989258 
607.5527954101562 248.13604736328125 652.0065307617188 292.9286804199219 0.9999663829803467 
607.6729736328125 248.14566040039062 652.0780029296875 293.0494689941406 0.9999665021896362 
607.6860961914062 248.0504913330078 652.0454711914062 293.2332763671875 0.9999666213989258 
606.794677734375 247.92921447753906 651.5571899414062 292.7936706542969 0.9999663829803467 
606.797119140625 248.3560791015625 651.30517578125 293.6674499511719 0.9999659061431885 
606.0892333984375 247.8345947265625 650.8201904296875 292.49945068359375 0.9999656677246094 
606.8535766601562 247.89292907714844 651.0986328125 293.6204833984375 0.9999665021896362 
606.8186645507812 248.07281494140625 650.9378051757812 293.72515869140625 0.9999661445617676 
606.2874755859375 247.76449584960938 650.4644165039062 293.12188720703125 0.9999655485153198 
606.8265380859375 247.89527893066406 650.523193359375 293.9305419921875 0.999966025352478 
606.0956420898438 247.16180419921875 650.013671875 292.9110412597656 0.9999645948410034 
606.4720458984375 247.249755859375 650.3346557617188 292.951171875 0.9999653100967407 
606.931884765625 247.04791259765625 650.7837524414062 292.6482849121094 0.9999649524688721 
606.8212280273438 247.0667724609375 650.7234497070312 292.23944091796875 0.9999645948410034 
607.8624267578125 246.62033081054688 651.1533203125 292.3824768066406 0.9999628067016602 
608.1492309570312 246.3443145751953 651.4646606445312 292.25347900390625 0.999962329864502 
608.7327880859375 245.86129760742188 652.346435546875 292.25225830078125 0.9999622106552124 
609.673828125 245.591796875 653.0244140625 291.9002380371094 0.9999622106552124 
